SU_mm1
48*115
5.7017*8.2153|0|0
-227,82|-226,846|-220,1518
Border: Passable




0

0|0|0|0|0|0|0|0|0|0|0|0|0|0|0|0,6|0,6|0,6|0,6|0,6|0,6|0,6|0,6|0,6|0|0|0|0|0|0|0|0|0|0|0,6|0,6|0,6|0,6|0,6|0|0|0|0|0|0|0|0|0|0,6|0,6|0,6|0,6|0,6|0,6|0,6|0|0|0|0|0|0|0|0|0|0|0|0|0|0|0|0|0|0|0|0|0,6|0,6|0,6|0,6|0,6|0,6|0,6|0|0|0|0|0|0|0|0|0|0|0|0|0|0,6|0|0|0|0|0|0|0|0|0|0|0|0,6|0,6|0,6|0,6|0,6|0,6|0,6|0,6|0|0|0|0|0|0|0|0|0|0|0|0|0|0|0|0|0,6|0,6|1|0,6|0,6|1|1|1|0|0|0|0|0|0|0|0|0|0,2|0,6|0,6|0,2,6|0,6|0,6|0|0|0|0|0|0|0|0|0|0,6|0,6|0,6|0,6|0,1,6|0,1,6|0,1,6|0,1|0,1|0,1|0,1|0,1|0,1|1|1|1|0,1|0,2,1|0,1|0,1|1|1|1|2|0|0|0|0|0,6|0,6|0,2,1,6|0,1,6|0,1,6|0,1,6|0,1|0,1|0,2,1|0|0|0|0|0|0|0|0|0|1|1|1|1|0|0|0|0|0|0|0|0|0|0,6|2,6|1|1|1|1|1|1|0|0|1|1|1|1|1|1|0|0|0|0|0|0|0|0|0,6|0|1|0,6|0,6|1|1|1|0|0|0|0|0|0|0|0|0|0,2|0,6|0,6|0,2,6|0,6|0,6|0|0|0|0|0|0|0|0|0|1|0,6|0,6|1|0,6|1|1|0|0|0|0|0|0|1|1|1|0|0,2|0|0|1|1|1|1|0|0|0|0|0,6|0|1|0,6|0,6|1|1|1|1|0|0|0|0,2|0|0|0|0|0|1|1|1|1|0|0|0|0|0|0|0|0|0|2,6|1|1|1|1|1|1|1|0,6|0,6|1|1|1|1|1|1|0,6|0,6|0,6|0,6|0,6|0,6|0,6|0,6|0,6|0,6|1|0,6|0,6|3,6|0,6|0,6|0,1,6|0,1,6|0,1,6|0,1,6|0,1,6|0,1,6|0,1,6|0,1,6|0,1,6|0,2,1,6|0,1,6|0,1,6|0,2,1,6|0,1,6|0,1,6|0,1,6|0,1,6|0,1,6|0,1,6|0,1,6|0,1,6|0,1,6|0,1,6|0,1,6|1|0,6|0,6|3,6|0,6|1|1|1|1|1|0,6|0,6|0,6|0,2,6|0,6|0,6|0,6|0,2,6|0,6|0,6|1|1|1|1|0,6|0,6|0,6|0,6|0,6|0,6|1|0,6|0,6|1|1|1|1|0,6|0,6|0,6|0,2,6|0,6|0,6|0,6|0,6|0,6|1|1|1|1|0,6|0,6|0,6|0,6|0,6|0,6|0,6|0,6|2,6|1|1|1|1|1|1|1|1|0,6|0,6|1|1|1|1|1|1|0,6|0,6|0,6|0,6|0,6|0,6|0,6|0,6|0,6|0,6|1|0,6|0,6|1|1|1|0,6|0,6|0,6|0,6|0,6|0,6|0,6|0,6|0,6|0,2,6|0,6|0,6|0,2,6|0,6|0,6|0,6|0,6|0,6|0,6|0,6|0,6|0,6|0,6|0,6|1|0,6|0,6|1|1|1|1|1|1|1|0,6|0,6|0,6|0,2,6|0,6|0,6|0,6|0,2,6|0,6|0,6|1|1|1|1|0,6|0,6|0,6|0,6|0,6|0,6|1|0,6|0,6|1|1|1|1|0,6|0,6|0,6|0,2,1,6|0,1,6|0,1,6|0,1,6|0,1,6|0,1,6|0,1,6|3,1,6|0,1,6|0,1,6|0,1,6|0,6|0,6|0,6|0,1,6|0,1,6|0,1,6|0,1,6|1|1|1|1|1|1|1|1|1,4,3|0,6|0,6|1|1|1|1|1|1|0,6|0,6|0,6|0,6|0,6|0,6|0,6|0,6|0,6|0,6|1|0,6|0,6|1|1|1|0,6|0,6|0,6|0,6|0,6|0,6|0,6|0,6|0,6|0,2,6|0,6|0,6|0,2,6|0,6|0,6|0,6|0,6|0,6|0,6|0,6|0,6|0,6|0,6|0,6|1|0,6|0,6|1|1|1|1|1|1|1|0,6|0,6|0,6|1|0,6|0,6|0,6|0,2,6|1|1|1|1|1|1|0,6|0,6|0,6|0,6|0,6|0,6|1|0,6|0,6|1|1|1|1|0,6|0,6|0,6|0,2,6|0,6|0,6|0,6|0,6|0,6|1|1|1|1|0,6|0,6|0,6|0,6|0,6|0,6|0,6|0,6|1|1|1|1|1|1|1|1|1,3|0,6|0,6|1|1|1|1|1|1|0,6|0,6|0,6|0,6|0,6|0,6|0,6|0,6|0,6|0,6|1|0,6|0,6|3,6|0,6|0,6|0,1,6|0,1,6|0,1,6|0,1,6|0,1,6|0,1,6|0,1,6|0,1,6|0,1,6|0,2,1,6|0,1,6|0,1,6|0,2,1,6|0,1,6|0,1,6|0,1,6|0,1,6|0,1,6|0,1,6|0,1,6|0,1,6|0,1,6|0,1,6|0,1,6|1|0,6|0,6|1|1|1|1|1|1|1|0,6|0,6|0,6|0,2,6|0,6|0,6|0,6|0,2,6|0,6|0,6|1|1|1|1|0,6|0,6|0,6|0,6|0,6|0,6|1|0,6|0,6|1|1|1|1|0,6|0,6|0,6|0,2,6|0,6|0,6|0,6|0,6|0,6|1|1|1|1|0,1,6|0,1,6|0,1,6|0,1,6|0,1,6|0,1,6|0,1,6|0,1,6|1|1|1|1|1|1|1|1|1,3|0,6|0,6|1|1|1|1|1|1|0|0|0|0|0|0|0|0|0|0|1|0,6|0,6|1|1|1|0|0|0|0|0|0|0|0|0|0,2|0,6|0,6|0,2|0|0|0|0|0|0|0|0|0|0|0|1|0|0|1|0|0|0|0|0|0|0|0|0|0,2|0|0,6|0,6|0,2|0|0|1|1|1|1|0|0|0|0|0|0|1|0,6|0,6|1|1|1|1|0|0|0|0,2|0|0|0|0|0|1|1|1|1|0|0|0|0|0|0|0|0|0|0|1|1|1|1|1|1|1,3|0,6|0,6|2|1|1|1|1|2,6|0|0|0|0|0|0|0|0|0|0|1|0,6|0,6|1|1|1|0|0|0|0|0|0|0|0|2|1|2,6|0,6|0,2|0|0|0|0|0|0|0|0|0|0|0|1|0|0|1|0|0|0|0|0|0|0|0|0|0,2|0|0,6|0,6|0,2|0|0|0|0|1|1|0|0|0|0|0|0|1|0,6|0,6|1|0|0,6|0,6|0|0|0|0,2|0|0|0|0|0|1|1|1|1|0|0|0|0|0|0|0|0|0|0|1|1|1|1|1|1|1,3|0,6|0,6|0|1|1|1|1|0,6|0|0|0|0|0|0|0|0|0|0|1|0|0|1|0,6|0,6|0|0|0|0|0|0|0|0|1|1|1|0,6|0,2|0|0|0|0|0|0|0|0|0|0|0|0,2|0|0|0,2|0|0|0|0|0|0|0|0|0|0,2|0|0,6|0,6|0,2|0|0|0|0|1|1|0|0|0|0|0|0|1|0,6|0,6|1|0|0,6|0,6|0|0|0|0,2|0|0|0|0|0|1|1|1|1|0|0|0|0|0|0|0|0|0,1|0,1|3,1,6|4,3,6|1,3|1,3|1,3|1,3|1,3|0|0|0|1|1|1|1|0,6|0|0|0|0|0|0|0|0|0|0|1|0|0|1|0,6|0,6|0|0|0|0|0|0|0|0|2,6|1|2,6|0,6|0,2|0|0|0|0|0|0|0|0|0|0|0|0,2|0|0|0,2|0|0|0|0|0|0|0|0|0|0,2|0|0,6|0,6|0,2|0|0|0|0|1|1|0|0|0|0|0|0|1|0,6|0,6|1|0|0,6|0,6|0|0|0|0,2|0|0|0|0|0|1|1|1|1|0|0|0|0|0|0|0|0|0|0|1|1|1|1|1|1|1|0|0|0|0,6|0,2,6|0,2,6|0,6|0,6|0|0|0|0|0|0|0|0|0|0|1|0|0|1|0,6|0,6|0|0|0|0|0|0|0|0|0,6|0,2,6|0,6|0,6|0,2|0|0|0|0|0|0|0|0|1|0|0|0,2|0|0|0,2|0|0|0|0|0|0|0|0|0|0|0|0,6|0,6|0|0|0|0|0|0,2|0|0|0|0|0|0|0|1|0,6|0,6|1|0|0,6|0,6|0|0|0|0,2|0|0|0|0|0|1|1|2,6|0,6|0|0|0|0|0|0|1|1|1|1|1|1|1|1|1|1|1|0|0|0|0|0,2|0,2|0|0|0|0|0|0|0|0|0|0|0|0|1|0|0|1|0,6|0,6|0|0|0|0|0|0|0|0,6|0,6|0,2,6|0,6|0,6|0,2|0|0|0|0|0|0|0|0|0|0|0|0,2|0|0|0,2|0|0|0|0|0|0|0|0|0|0|0|0,6|0,6|0|0|0|0|0|0,2|0|0|0|0|0|0|0|1|0,6|0,6|1|0|0|0|0|0|0|0,2|0|0|0|0|0|0|0,2|0,6|0,6|0|0|0|0|0|0|1|1|1|1|1|1|1|1|1|1|1|0|0|0|0|0,2|0,2|0|0|0|0|0|0|0|0|0|0|0|0|0,2|0|0|0,2|0,6|0,6|0|0|0|0|0|0|0|0|0,6|0,2,6|0,6|0,6|0,2|0|0|0|0|0|0|0|0|0|0|0|0,2|0|0|0,2|0|0|0|0|0|0|0|0|0|0|0|0,6|0,6|0|0|0|0|0|0,2|0|0|0|0|0|0|0|1|0,6|0,6|1|0|0|0|0|0|0|0,2|0|0|0|0|0|0|0,2|0,6|0,6|0|0|0|0|0|0|0|0|0|1|1|1|1|1|1|1|1|0|0|0|0|0|0,2|0|0|0|0|0|0|0|0|0|0|0|0|0,2|0|0|0,2|0,6|0,6|0|0|0|0|0|0|0|0|0,6|0,2|0,6|1|1|1|1|1|1|1|1|1|1|1|1|1|1|1|0|0,2|0|0|0|0|0|0|0|0|0|0|0|0,6|0,6|0|0|0|0|0|0,2|0|0|0|0|0|0|0|1|0,6|0,6|1|0|0|0|0|0|0|1|0|0|0|0|0|0|0,2|0,6|0,6|0|0|0|0|1|1|1|0|0|1|1|1|1|1|1|1|1|0|0|0|0|0|0,2|0|0|0|0|0|0|0|0|0|0|0|2|1|2|0|0,2|0,6|0,6|0|0|0|0|0|0|0|0|0|0,2|0,6|1|1|1|1|1|1|1|1|1|1|1|1|1|1|1|0|0,2|0|0|0|0|0|0|0|0|0|0|0|0,6|0,6|0|0|0|0|0|0,2|0|0|0|0|0|0|0|1|1|0,6|1|0,6|0,6|0|0|0|0|0,2|0|0|0|0|0|0,1|0,2,1|0,1,6|0,1,6|0,1|0,1|0,1|0,1|1|1|1|0,1|0,1|1|1|1|1|1|1|1|1|0|0|0|0|0|0,2|0|0|0|0|0|0|0|0|0|0|0|1|1|1|0|0,2|0,6|0,6|0|0|0|0|0|0|0|0|0|0,2|0,6|1|1|1|1|1|1|1|1|1|1|1|1|1|1|1|0|0,2|0|0|0|0|0|0|0|0|0|0|0|0,6|0,6|0|0|0|0|2|1|2|0|0|0|0|0|0|1|1|0,6|0,6|0,1,6|0,1,6|0,1|0,1|0,1|0,1|0,2,1|0,1|0,1|0|0|0|0|0,2|0,6|0,6|0|0|0|0|1|1|1|0|0|1|1|1|1|1|1|1|1|0|0|0|0|0|0|0|0|0|0|0|0|0|0|0|0,6|0|2|1|2|0|0,2|0,6|0,6|0|0|0|0|0|0|0|0|0|0,2|0,6|1|1|1|1|1|1|1|1|1|1|1|1|1|1|1|0|0,2|0|0|0|0|0|0|0|0|0|0|0|0,6|0,6|0|0|0|0|1|1|1|0|0|0|0|0|0|1|1|1|1|0,6|0,6|0|0|0|0|1|0|0|0|0|0|2|1|2,6|0,6|0|0|0|0|0|0|0|0|0|1|1|1|1|1|1|1|1|0|0|0|0|0|0|0|0|0|0|0|0|0|0|0|0|0|0|0,2|0|0|0,2|0,6|0,6|0|0|0|0|0|0|0|0|0|0,2|0,6|0,6|0,2|0|0|0|0|0|0|0|0|0|0|0|0,2|0|0|0,2|0|0|0|0|0|0|0|0|0|0|0|0,6|0,6|0|0|0|0|2|1|2|0|0|0|0|0|0|0,6|0|0|0,2|0|0|0|0|0|0|0|0|0|0|0|0|1|1|1|0,6|0|0|0|0|0|0|0|0|0|1|1|1|1|1|1|1|1|0|0|0|0|0|0|0|0|0|0|0|0|0|0|0|0|0|0|0,2|0|0|0|0,6|0,6|0|0|0|0|0|0|0|0|0|0,2|0,6|0,6|0,2|0|0|0|0|0|0|0|0|0|0|0|0,2|0|0|0,2|0|0|0|0|0|0|0|0|0|0|0|0,6|0,6|0|0|0|0|0|0,2|0|0|0|0|0|0|0|0,6|0|0|0,2|0|0|0|0|0|0|0|0|0|0|0|0|2|1|2,6|0,6|0|0|0|0|0|0|0|0|0|1|1|1|1|1|1|1|1|0|0|0|0|0|0|0|0|0|0|0|0|0|0|0|0|0|0|0|0|0|0|0,6|0,6|0|0|0|0|0|0|0|0|0|0,2|0,6|0,6|0,2|0|0|0|0|0|0|0|0|0|0|0|0,2|0|0|0,2|0|0|0|0|0|0|0|0|0|0|0|0,6|0,6|0|0|0|0|2|1|2|0|0|0|0|0|0|0,6|0|0|0,2|0|0|0|0|0|0|0|0|0|0|0|0|0|0,2|0,6|0,6|0|0|0|0|1|1|1|0|0|1|1|1|1|1|1|1|1|0|0|0|0|0|0|0|0|0|0|0|0|0|0|0|0|0|0|0|0|0|0|0,6|0,6|0|0|0|0|0|0|0|0|0|0,2|0,6|0,6|0,2|0|0|0|0|0|0|0|0|0|0|0|0,2|0|0|0,2|0|0|0|0|0|0|0|0|0|0|0|0,6|0,6|0|0|0|0|1|1|1|0|0|0|0|0|0|0,6|0|0|0,2|0|0|0|0|0|0|0|0|0|0,1|0,1|0,1|0,1|0,2,1|0,1,6|0,1,6|0,1|0,1|0,1|0,1|1|1|1|0,1|0,1|1|1|1|1|1|1|1|1|0|0|0|0|0|0|0|0,2|0|0|0|0|0|0|0|0|0|0,6|0|0|0|0,2|0,6|0,6|0|0|0|0|0|0|0|0|0|0,2|0,6|0,6|0,2|0|0|0|0|0|0|0|0|0|0|0|0,2|0|0|0,2|0|0|0|0|0|0|0|0|0|0|0|0,6|0,6|0|0|0|0|2|1|2|0|0|0|0|0|0,6|0,6|0,6|0|0,2|0|0|0|0|0|0|0|0|0|0|0|0|0|0,2|0,6|0,6|0|0|0|0|1|1|1|0|0|1|1|1|1|1|1|1|1|0|0|0|0|0|0|0|0,2|0|0|0|0|0|0|0|0|0|0|0|0|0|0,2|0,6|0,6|0|0|0|0|0|0|0|0|0|0,2|0,6|0,6|0,2|0|0|0|0|0|0|0|0|0|0|0|1|1|1|1|0|0|0|0|0|0|0|0|0|0|0|0,6|0,6|0|0|0|0|0|0,2|0|0|0|0|0|0|0|0,6|0|0|0,2|0|0|0|0|0|0|0|0|0|0|0|0|0|0,2|0,6|1|0|0|0|0|0|0|0|0|0|1|1|1|1|1|1|1|1|0|0|0|0|0|0|0|0,2|0|0|0|0|0|0|0|0|0|0|0,2|0|1|1|0,6|0,6|0|0|0|0|0|0|0|0|2|1|2,6|0,6|0,2|0|0|0|0|0|0|0|0|0|0|0|1|1|1|1|0|0|0|0|0|0|0|0|0|0|0|0,6|0,6|0|0|0|0|0|0,2|0|0|0|0|0|0|0|0,6|0|0|0,2|0|0|0|0|0|0|0|0|0|0|0|0|0|0,2|0,6|0,6|0|0|0|0|0|0|0|0|0|1|1|1|1|1|1|1|1|0|0|0|0|0|0|0,2|0,2|0|0|0|0|0|0|0|0|0|0|0,2|0|1|1|0,6|0,6|0|0|0|0|0|0|0|0|1|1|1|0,6|0,2|0|0|0|0|0|0|0|0|0|0|0|1|1|1|1|0|0|0|0|0|0|0|0|0|0|0|0,6|0,6|0|0|0|0|0|1|0|0|0|0|0|0|0|0,6|0|0|0,2|0|0|0|0|0|0|0|0|0|0|0|0|0|0,2|0,6|0,6|0|0|0|0|0|0|0|0|0|1|1|1|1|1|1|1|1|0|0|0|0|0|0|0,2|0,2|0|0|0|0|0|0|0|0|0|0|0,2|0|1|1|0,6|0,6|0|0|0|0|0|0|0|0|2|1|2,6|0,6|0,2|0|0|0|0|0|0|0|0|0|0|0|1|1|1|1|0|0|0|0|0|0|0|0|0|0|0|0,6|0,6|0|0|0|0|0|1|0|0|0|0|0|0|0|0,6|1|1|1|0|0|0|0|0|0|0|0|0|0|0|0|0|0,2|0,6|0,6|0|0|0|0|1|1|1|0|0|1|1|1|1|1|1|1|1|0|0|0|0|0|0|0,2|0,2|0|0|0|0|0|0|0|0|0|0|0,2|0|0|0,2|0,6|0,6|0|0|0|0|0|0|0|0|0,6|0,2|0,6|0,6|0,2|0|0|0|0|0|0|0|0|0|0|0|0,2|0|0|0,2|0|0|0|0|0|0|0|0|0|0|0|0,6|0,6|0|0|0|0|0|1|0|0|0|0|0|0|0,6|0,6|1|1|1|0|0|0|0|0|0|0|0|0,1|0,1|0,1|0,1|0,1|0,2,1|0,1,6|0,1,6|0,1|0,1|0,1|0,1|1|1|1|0,1|0,1|1|1|1|1|1|1|1|1|0|0|0|0|0|0|1|1|0|0|0|0|0|0|0|0|0|0|0,2|0|0|0,2|0,6|0,6|0|0|0|0|0|0|0|0|0,6|0,2,6|0,6|0,6|0,2|0|0|0|0|0|0|0|0|0|0|0|0,2|0|0|0,2|0|0|0|0|0|0|0|0|0|0|0|0,6|0,6|0|0|0|0|0|1|0|0|0|0|0|0|0|0,6|0|0|1|0|0|0|0|0|0|0|0|0|0|0|0|0|0|0,6|0,6|0|0|0|0|1|1|1|0|0|1|1|1|1|1|1|1|1|0|0|0|0|0|0,6|1|1|0|0|0|0|0|0|0|0|0|0|0,2|0|0|0,2|0,6|0,6|0|0|0|0|0|0|0|0,6|0,6|0,2,6|0,6|0,6|0,2|0|0|0|0|0|0|0|0|0|0|0|1|0|0|1|0|0|0|0|0|0|0|0|0|0|0|0,6|0,6|0|0|0|0|0|1|0|0|0|0|0|0|0|1|0|0|1|0|0|0|0|0|0|0|0|0|0|0|0|0|0|0,6|0,6|0|0|0|0|0|0|0|0|0|1|1|1|1|1|1|1|1|0|0|0|0|0,6|2,6|1|1|0|0|0|0|0|0|0|0|0|0|0,2|0|0|0,2|0,6|0,6|0|0|0|0|0|0|0|0|0,6|0,2,6|0,6|0,6|0,2|0|0|0|0|0|0|0|0|0|0|0|1|0|0|1|0|0|0|0|0|0|0|0|0|0|0|0,6|0,6|0|0|0|0|0|0,2|0|0|0|0|0|0|0|1|0|0|1|0,6|0,6|0|0|0|0|0|0|0|0|0|0|0|0|0,6|1|0|0|0|0|0|0|0|0|0|1|1|1|1|1|1|1|1|0|0|0|0|1|1|1|1|0|0|0|0|0|0|0|0|0|0|1|0|0|1|0,6|0,6|0|0|0|0|0|0|0|0|2,6|1|2,6|0,6|0,2|0|0|0|0|0|0|0|0|0|0|0|1|0|0|1|0|0|0|0|0|0|0|0|0|0|0|0,6|0,6|0|0|0|0|0|0,2|0|0|0|0|0|0|0|1|0|0|1|0,6|0,6|0|0|0|0|0|0|0|0|0|0|0|0|0,6|0,6|0|0|0|0|0|0|1|1|1|1|1|1|1|1|1|1|1|0|0|0|0|1|1|1|1|0|0|0|0|0|0|0|0|0|0|1|0|0|1|0,6|0,6|0|0|0|0|0|0|0|0|1|1|1|0,6|0,2|0|0|0|0|0|0|0|0|1|0|0|1|0|0|1|0|0|0|0|0|0|0|0|0|0|0|0,6|0,6|0|0|0|0|0|0,2|0|0|0|0|0|0|0|1|0|0|1|0,6|0,6|0|0|0|0|0|0|0|0|0|0|0|0|0,6|0,6|0|0|0|0|0|0|1|1|1|1|1|1|1|1|1|1|1|0|0|0|0|1|1|1|1|0|0|0|0|0|0|0|0|0|0|1|0|0|1|0,6|0,6|0|0|0|0|0|0|0|0|2|1|2,6|0,6|0,2|0|0|0|0|0|0|0|0|0|0|0|1|0|0|1|0|0|0|0|0|0|0|0|0|0|0|0,6|0,6|0|0|0|0|0|0,2|0|0|0|0|0|0|0|1|0,6|0,6|1|0|0|0|0|0|0|0|0|0|0|0|0|0|0,2|0,6|0,6|0|0|0|0|0|0|1|0|0|0|1|1|1|1|1|1|1|0|0|0|0|1|1|1|1|1|1|1|0|0|0|0|0|0|0|1|0|0|1|0,6|0,6|0|0|0|0|0|0|0|0|0|0,2|0,6|0,6|0,2|0|0|0|0|0|0|0|0|0|0|0|1|0|0|1|0|0|0|0|0|0|0|0|0|0|0|0,6|0,6|0|0|0|0|0|0,2|0|0|0|0|0|0|0|1|0,6|0,6|1|0|0|0|0|0|0|0|0|0|0|0|0|0|0,2|0,6|0,6|0|0|0|0|0|0|0|0|0|0|1|1|1|1|1|1|1|0|0|0|0|1|1|1|1|1|1|1|0|0|0|0|0|0|0|1|0|0|1|0,6|0,6|0|0|0|0|0|0|0|0|0|0,2|0,6|0,6|0,2|0|0|0|0|0|0|0|0|0|0|0|1|0|0|1|0|0|0|0|0|0|0|0|0|0|0|0,6|0,6|0|0|0|0|0|0,2|0|0|0|0|0|0|0|1|0,6|0,6|1|0|0|0|0|0|0,6|0|0|0|0|0,6|0|0|0,2|0,2,6|0,6|0|0|0|0|0|0|0|0|0|0|1|1|1|1|1|1|1|0|0|0|0|1|1|1|1|1|1|1|0|0|0|0|0|0|0|1|0|0|1|1|1|1|0|0|0|0|0|0|0|1|1|1|1|1|1|0|0|0|0|0|0|0|0|0|0|1|0|0|1|0|0|0|0|0|0|0|0|0|0|0|0,6|0,6|0|0|0|0|0|0,2|0|0|0|0|0|0|0|1|0,6|0,6|1|1|0|0|0|0|0|0|0|0|0|0|0|1|1|1|2,6|0|0|0|0|0|0|0|0|0|0|1|1|1|1|1|1|1|0,6|0,6|0,6|0,6|1|1|1|1|0,1,6|0,1,6|0,1,6|0,6|0,6|0,6|0,6|0,6|0,6|0,6|1|0,6|0,6|1|1|1|1|0,6|0,6|0,6|0,6|0,6|0,6|0,6|1|1|1|1|1|1|0,6|0,6|0,6|0,6|0,6|0,6|0,6|0,6|0,6|0,6|1|0,6|0,6|1|1|1|1|1|1|1|0,6|0,6|0,6|0,6|0,6|0,6|0,6|0,6|1|0,6|0,6|0,6|0,2,6|0,6|0,6|0,6|0,6|1|0,6|0,6|1|0,6|0,6|1|1|0,6|0,6|0,6|0,6|0,6|0,6|0,6|0,6|0,6|0,6|0,6|1|1|1|1|0,1,6|0,1,6|0,1,6|0,1,6|0,1,6|0,2,1,6|0,1,6|0,1,6|1|1|1|1|1|1|1|1|1|0,6|0,6|0,6|0,6|1|1|1|1|1|0,6|0,6|0,6|0,6|0,6|0,6|0,6|0,6|0,6|1|0,6|0,6|1|1|1|1|0,6|0,6|0,6|0,6|0,6|0,6|0,6|1|1|1|1|1|1|0,6|0,6|0,6|0,6|0,6|0,6|0,6|0,6|0,6|0,6|1|0,6|0,6|1|1|1|1|1|1|1|0,6|0,6|0,6|0,6|0,6|0,6|0,6|0,6|0,6|0,6|0,6|0,6|0,2,6|0,6|0,6|0,6|0,6|0,6|0,6|0,6|1|0,6|0,6|1|1|0,6|0,6|0,6|0,6|0,6|0,6|0,6|0,6|0,6|0,6|0,6|1|1|1|1|0,6|0,6|0,6|0,6|0,6|0,2,6|0,6|0,6|1|1|1|1|1|1|1|1|1|0,4,3,6|0,3,6|0,3,6|0,3,6|1,3|1,3|1,3|4,3,6|0,1,6|0,1,6|0,1,6|0,1,6|0,1,6|0,1,6|0,1,6|0,1,6|0,1,6|0,1,6|1|0,6|0,6|3,6|0,6|0,6|0,6|0,1,6|0,1,6|0,1,6|0,1,6|0,1,6|0,1,6|0,1,6|1|1|1|1|1|1|0,6|0,6|0,6|0,6|1|0,6|0,6|0,6|0,6|0,6|1|0,6|0,6|3,6|0,6|0,6|0,6|0,6|0,6|0,6|0,1,6|0,1,6|0,1,6|0,1,6|0,1,6|0,6|0,6|0,6|0,6|0,6|0,6|0,1,6|0,2,1,6|0,1,6|0,1,6|0,1,6|0,1,6|0,1,6|0,1,6|0,1,6|3,6|0,6|0,6|1|1|0,6|0,6|0,6|0,1,6|0,1,6|0,1,6|0,1,6|0,1,6|0,1,6|0,1,6|0,1,6|1|1|1|1|0,6|0,6|0,6|0,6|0,6|0,2,6|0,6|0,6|1|1|1|1|1|1|1|1|1|0,6|0,6|0,6|0,6|1|1|1|1|1|0,6|0,6|0,6|0,6|0,6|0,6|0,6|0,6|0,6|1|0,6|0,6|1|1|1|1|0,6|0,6|0,6|0,6|0,6|0,6|0,6|1|1|1|1|1|1|0,6|0,6|0,6|0,6|0,6|0,6|0,6|0,6|0,6|0,6|1|0,6|0,6|1|1|1|1|1|1|1|0,6|0,6|0,6|0,6|0,6|0,6|0,6|0,6|0,6|0,6|0,6|0,6|0,2,6|0,6|0,6|0,6|0,6|0,6|0,6|0,6|1|0,6|0,6|1|1|0,6|0,6|0,6|0,6|0,6|0,6|0,6|0,6|0,6|0,6|0,6|1|1|1|1|0,1,6|0,1,6|0,1,6|0,1,6|0,1,6|0,2,1,6|0,1,6|0,1,6|1|1|1|1|1|1|1|1|1|0|0|0|0|1|1|1|1|0,1|0,1|0,1|0|0|0|0|0,6|0,6|0,6|1|0,6|0,6|1|1|1|1|0|0|0|0|0|0|0|0|0|0,6|0,6|0|0|0|0|0|0|0|0|0|0|0|0|1|1|1|1|1|1|1|1|1|1|0|0,6|0,6|0,6|0|0|0|0|0|0|0|0|0|0|0|0|0,6|0,6|0|0|1|1|1|1|1|0|0|0|0|0|0|0|0|0|0|0|0|0,2|0,2|0|0|0|0|0|0|0,2|0|0|0|0|1|1|1|1|1|1|1|0|0|0|0|1|1|1|1|0|0|0|0|0|0|0|0,6|0,6|0,6|1|0,6|0,6|1|0,6|0,6|0,6|0|0|0|0|0|0|0|0|0|0,6|0,6|0|0|0|0|0|0|0|0|0|0|0|0|0|0|0|0|0|0|0|0|0|0|0|0,6|0,6|0,6|0|0|0|0|0|0|0|0|0|0|0|0|0,6|0,6|0|0|1|1|1|1|2|0|0|0|0|0|1|1|0|0|0|0|0|0,2|0,2|0|0|0|0|0|0|1|1|0|0|0|1|1|1|1|1|1|1|0|0|0|0|0|0|0|0|0|0|0|0|0|0|0|0,6|0,6|0,6|1|1|1|1|0,6|0,6|0,6|0|0|0|0|0|0|0|0|0|0,6|0,6|0|0|0|0|0|0|0|0|0|0|0|0|0|0|0|0|0|0|0|0|0|0|0|0,6|0,6|0,6|0|0|0|0|0|0|0|0|0|0|0|0|0,6|0,6|0|0|0|0|0,2|0|0|0|0|0|0|0|1|1|0|0|0|0|0|0,2|0,2|0|0|0|0|0|0|1|1|0|0|0|1|1|1|1|1|1|1|0|0|0|0|0|0|0|0|0|0|0|0|0|0|0|0|0|0|1|1|1|1|0,6|0,6|0,6|0|0|0|0|0|0|0|0|0|0,6|0,6|0|0|0|0|0|0|0|0|0|0|0|0,6|0|0|0|0|0|0|0|0|0|0|0|0|0|0|0|0|0|0|0|0|0|0|0|0|0|0|0,6|0,6|0,1|0,1|0,1|0,1|0,2,1|0,1|0,1|0,1|0,1|0,1|0,1|0,1|1|1|0|0|0|0|0|0,2|0,2|0|0|0|0|0|0|1|1|0|0|0|1|1|1|1|1|1|1|0|0|0|0|0|0|0|0|0|0|0|0|0|0|0|0|0|0|1|1|1|1|0,6|0,6|0,6|0|0|0|0|0|0|0|0|0|0,6|0,6|0|0|0|0|0|0|0|0|0|0|0|0,6|0,6|0|0|0|0|0|0|0|0|0|0|0|0|0|0|0|0|0|0|0|0|0|0|0|0|0|0,6|0,6|0|0|0|0|0,2|0|0|0|0|0|0|0|1|1|0|0|0|0|0|0,2|0,2|0|0|0|0|0|0|1|1|0|0|0|1|1|1|1|1|1|1|0|0|0|0|0|0|0|0|0|0|0|0|0|0|0|0|0|0|0|0|0|0|0,6|0,6|0|0|0|0|0|0|0|0|0|0|0,6|0,6|0|0|0|0|0|0|0|0|0|0|0,6|0,6|0,6|0|0|0|0|0|0|0|0|0|0|0|0|0|0|0|0|0|0|0|0|2|1|1|1|1|1|1|1|1|1|1|1|1|1|1|1|1|1|1|1|1|0,1,6|0,1|0,1|0,1|0,1|0,2,1|0,2,1|0,1|0|0|0,1|0,1|0,1,6|1|1|1|1|1|1|1|1|1|1|1|1|0|0|0|0|0|0|0|0|0|0|0|0|0|0|0|0|0|0|0|0|0|0,6|0,6|0,6|0|0|0|0|0|0|0|0|0|0|0,6|0,6|0|0|0|0|0|0|0|0|0|0|0|0,6|0,6|0|0|0|0|0|0|0|0,6|0|0|0|0|0,6|0|0|0|0|0|0|2|1|1|1|1|1|1|1|1|1|1|1|1|1|1|1|1|1|1|1|1|1|1|1|1|1|1|1|1|1|1|1|1|1|1|1|1|1|1|1|1|1|1|1|1|1|1|
camera angles:-89.0769,0.4900;0,0;0,0;-90.0530,0.4733|-90.7990,0.4796;0,0;0,0;-90.8282,0.4629|-89.8251,0.5379;0,0;0,0;-89.6063,0.5421
